$ANSIBLE_VAULT;1.1;AES256
36343339343262343835656464633066633764306163396337336365353065383539643339376336
3766643532616335323830613330393537356663373937300a353536633137613432663138613630
33633532353665653332366563323838626164613161343934396361646361623135386638393931
6434316164353661640a316233313364646237363137646665653764316339303362623531333430
34393934386536663031643732396136666664343963633130323264653362366332633038333430
61323937613339656432643134353635343535386664653434393565393762346565306432316130
61336664393633393331386436303430623439356139313233326533633166633661303730616330
63313435376331613330643839333865616564613534656562613932306331356366393033623963
65343665326665663462393137306565363364373332343161616432363866356231323336646165
32356233316562393834656633346134306438643032306135353931316634373833396536643062
33303030366462633032633930316233346164643632363632656438376539663861343564623965
63656633393333356666336531333633316662316163333239366366376162363239653562343363
64323230313732303638313637626233666162353038316336646238383837323530626663363264
61386531653239306366653036646139316362306564316132623561343165373133353230303136
64393437373332646532383963303838363363313233343530306436353766383264313561383634
66363538313164383434626461373433303436353465613333313065313537383634313137336230
62356339366438383630376230663862313330646533643231346230366136613438323938633466
61336661366237393434623338373866643164316563333261383664353531396631376137613239
35633262376566633835646230313730303264313665633164313432666163343538636563633661
39666438366631353738633031643361373863346531323733666333353934646166613133636130
39306561346136353537313631333036653636393430643739666565353937363766643235623064
35303738363163636639393333663265393936636131626364636230643532303964353937396332
64383130626261346637303331393162626633636565636666653030346134303533373437383238
37323366623430636534656663633066303661343065386664386539316236636331353731306135
36616665633337346365366330353638613832656334346331363562326138656231353763306131
63353632626430643266363063643331633936313166386530313434323830326561653439316638
64653635376533333932643764636332333632356534303638373965623737383133333464633239
64643063383664656433376538353462333033306131386136623835326636333033613439626431
39613665666530303433633136333837666639363165666434633336366461623431326366613462
36633235343535323730643931626332306239336264663739323763653665366131333036623564
31613739616664623635626535373436386533353437336637386562383331326535323663393037
61326435333064653736346363643735376539633761393139336661376266316166306138316564
66306361633639613763636266346661393536373537363933626261326336613834333431666661
37333866666633343838613863376532393437616666393135636265313538646162616632623435
31613361363866643635383532633839343566363339303334616537646265643934623036336262
36636164316465376462376565373561633061653032396136323065383233346137666434663134
35353764666533336134303539393130613634663162633233353637643234336639373361656461
65336263386639303832623439643135643061346333663163343930666134623337633365626638
34633830333535666363613735363532643966363766643032383237386661613063626264303632
34663436386262666136636538393436616466643465386432333332653735353534663766656661
36383335326661313464346539623939643831353134633064393931386633636533383538316466
37373461303536383332643332333639646638323133366661393664656137653665356131666534
62653831363665646562353439616530663139656231643566663533663063613937646231623462
36623061663738303439303939633263643162366436373133343038383066616664653130363866
31653634666431613134346339656465666532346230333565623164353466376466663834383430
31366163323939373265626566343464336335633831636431653364386530373633373133373933
33346166626237386362643261613461353430633935653432643266356361396234356662613534
66376436613530613537636464663565386663646539366135613964616337393436383434636334
34393136643538386165613732616263303362666364336131623632623130653738376436616365
36633637303933303533303230346530613765396636373566613064646239636432336563303931
33373464643065616534643433343735623439303839343433396438613564663262323830333764
35366336626634373433666132336136393533663737646333653366333538303336323362333663
66363734353132313434393634613366623765376138633061613663373430396530333362623064
64323863326535653034653935316435653063653231623235316162626638373366373337613430
61303364663165386638616336356435396230636164363965313164623834333261313764666564
39363730376334303336306536376165363962643337656430393465633938613532656130643330
39323433356663626436363466393237306534386165313061316665393235303533386164333834
63313732373639363037303464393661383630383236386537666337656130396136353931313532
31306532616464656332636564303736653438636539306363383565313233323937623665323565
63393164323336663736336631643338373963396539383462306634626561623065666437633964
35313764646135623333323330383963623638333930336162643161663934383937363435616432
36653938653632326339353633636663646631623535613733623331383865306530363336313633
61643837353739333633363633333361616231326562363164616532303862653933653737643639
39663734303966663665633563333661613335303364346263373662316664393861373732616537
63386466383235323334626266313963343138666238636639613932646361303065353934363264
37643262656662306162343366386566316232356631353164303864613965363966333736623035
61366233333035643030663633373034303165633837353039323964316364323536653637303466
37653031386137663436366532626635633333656230666437396538363061666535326139313735
62633161333066343266653632656335636636343164326435613331333466353065373963656638
36643138626665393639346664393734376661663236656165386661643237333332323538373466
37303463636133633436386636376533303366613539396630316430663330623563343462333630
33663437343463353365353665336436313466623863303834316565353634346437653466303531
35333339643336653563346134393438626534326435653638666461383534336633643230636466
30396432633066383836396539373163666139306138346466373738313934363034316232353230
39333464623462626662643538343434313364363033386165323135653131386131656263306561
30326662346661386231646665346631336665613731323462373764613930313535613335616162
32646231353566613431636534643838663039363166366631303730356634616530363831666465
30613535393937633062313061386535313034663836396330353034653139656438346564356666
31393963393535316537336631353661343338626463336632633261613537616633643236343837
64373566366639303830616632393135313138653838666232346661663130653838656237643537
36613731623164623038383934333766666334623239666637373162346364663964393833353465
36333837636366616239343239626463623361616631643562386162363862656137383231316239
66356264636330656365303361306634353931663039383532343737376631303738666131373166
61353034646636663262303831303339386430396164636233626238333530386366613336653837
64616165383631336635363538646465396464363136666664303564303331646330643831303936
64623163663330313032303363323835623564646265313835346230393264333439373036623439
33623739373062316332643438346664383735383638666531386131623831613336393134353565
39353231393439343666343534653466333839653065623634326334353361613630643063323536
61373064396163636137313431613939323535343965323436663364613961663361663063663230
66623161353061643730613261663961336636343166373731613538373666623761396636353966
30343839356265353135343162663537616462316431636230333665343236303562643863323238
61376135323437313132633435653963616532353434366265393038343264363261386331666264
61363662636466323162306130633161623866623261613131306138646235376465643266633661
39363232323964356538363164303831633133376631646632373631653736333161646639636232
36623163613832313838373439613065613333376465373465386662303337653366363631343330
31326562666264616233316137336166316635373237323066663737653335613066663337393135
66303665653039666165373833623932316339643931663962343230643932383233366166376363
31353530396132396534383134643132663761383361303738326364663765356339343862346331
63313630313534613635663732316532353734376563393564383964623663323161313539303932
64383033643432366434336330656130666531653939623864306166303961333935653561653264
65663034363263386330316166396631363435316263393333393263313038643738633037353262
62303661306636343135643264303532623431356636613533303739616261323662363635333438
38343737303135313264313233363238626361316263353561303436313135653263383534326438
63343865633163363834616137383261373234366562336134303034363964626461653265643931
37393034376635616165326632333331363966633361333937346234346261383332616366343134
65313233663163353636316437356436656637656436313233313933306633316263366565303638
31393165326136646632613631313636666562303731396364356161313238313664623631633864
35613738616665653835323962666534616339346363363039613464323732326563373733316366
36383362663932363664393766373430633933323630613365363639303739613563313830323763
36303637633937383838393064376636346361393737306633373337623433343835633163393638
63653036336561386532623731363531303839336261303965393362616265306635336533316130
35393731353938633834623066356166646263613835666533646237366438356561663465643136
31356132653064336433633635336133326566343633633061633332333733633763633633356233
66323466323633316237666433653438656264656462356662643834613762366438346131636630
31613761633065643266633765373437653532633835353131363564343437306166313766646337
65666437623161376339633331363534656438383935353237623363346463666635636463646635
66663436613864353365333661653535653733353136353964333535313338623764326233323466
65626364616431306433346234303632356539386161303433613137393135313865373463663465
35666639396332666438333336666163333132616164373964393039656630336434616362643832
66306331636331633061373463643565396265393931636631323361373635663961643334663131
39343733393836313436313061333562383633393235303430656437653834353137366339363563
37333430636533663732636265663166316435386465386539303866623261376462323563343034
33353834303836376162386137633364326266636361643261666364323563373231373333363164
35623438643866326562636538636434653330633036616330616634323263306135356332626439
66666564396331653032343831303466353935363636336666643061323337396636396365613034
62653362333530663962626530303330363031303533396262656537313330643833306662653532
36653534616564633065666262653431356361663536393336313239633433366235613962623236
35356432393262626335623465373631643164346539623535363662326639353362366631326630
62373636313831623735613566356639386333663438653133386332343961323637383331663862
31633838653265376566393961383361626531326236633936373865396361373238653064343638
35613739393434386562636565393636356131383237613564346130333162373663393430363062
30663165366136616232333833326230303931313539353033383531643437363932346232643236
35666237313662326138313230336230343666313534356539363363353562363136326565336330
64623334336138303731363961373336363835613032336466373166623463343336383233616230
37376433376237616339363438646632323535663235393736333865623431393863356537346565
33613263393239613566653763316132626132323565396464346636363038643966316330333432
65316561383761333864363766323834623337343266343734366664623736363663646635633462
31356337646337313566633233393337656138313832343134396562646365626166353338313861
35303766643430616331343463363134666138663664396362373631613063653765363861306337
65326135363833636132346663643935613062613836303033396333316436393466343634326333
66636631356638303166633365643439643264316261646234613838363266366263
