$ANSIBLE_VAULT;1.1;AES256
37333838323539636336623164363536303664623962343961356462356439366139656463363333
3132613330373834343334663135653838326438343563390a656565373232393937363761326337
32303938646633633866613637313538336632616161666432313336343264363138363862326536
3966613362383035610a626464343134616232316664393737333835336433313830343461666561
32653332306636303532373038666534663433373532343037613838326637383336643836626635
31393861306138366334313662633164643564353334376561333263633266383231636630363231
63306435376462383463386361306465383238626464623933653663346136613332663733306334
30366439303634616362343634333532643062313739303933363265356236613538336163313662
32326336393632326264383465623038363832306564633762323765643930306632363036393465
30303236663839666232306134316536373934376161643432313438633938356130316332653734
34633837363935316232303664346666376164303166616539643564333965373132663838353738
65663963373663386461353639333664323166663161623638633635386333333361636230313136
30363231346362303362303065303734363133346631646463346136383638653834616361303834
39386339663135383534346233613037376562333562633464313530643431663666636633656238
32623238323764316338376236663339366532633034356633666535303232316139626561663434
64346464346231336265353131613234336331383538396662653537626232353932616639643836
39316330346333656237636463336339613464326230616137316631393735666337643635663039
66643838363030323463393163663538666631373662333634333961343437333765666363353762
38356233326238316236393161333063663331393965646334303862326338343538313166393933
37353430333364333531353261336130346665613362386532376133616530353961643130393431
63393332323436333261313864313863333239316562353431323034656631353531363536663462
31613534636533363938616335656439323330613432363232666462353132653839373861623664
63646664333562383635373930383066613630636664303934653339333661316363616638363736
32333332366432613734363262333235333635346263343664303363623065613132363830376630
34656433363966396630326163383437393563386432626339393261366164393937363231393061
30396463356662613061363661303063666439366534363935353366343831323837363866613332
62653263666362356333316562396463356434313031306135346537353031343765636339323366
36333165653534636365613535303262643338613436383966656533666137343836373033316539
66663565663238393434313533616565313161306265323963316365366138373830613532376333
33643062636664343066386432363732353533383165656135376463376631383638383763316463
63653630393734643161343261383831326431623337643363666465323931393739326161623535
64386337393766613338366137373635316130383064646133393762306437663062356536613931
64343530656236633333336464653963623334613038373338386562383632316138613531326535
37303032386264363064383238623363303961393438663530636363303561623838336361666336
64633235363238383063623463323463376665323263306631333464396135376633666464636631
61633132643536663861396265393563303034613433653238343637613032366261383832633937
37663337346133333036326364353438373431356161346261323337353134613331346233386435
36636432343762363862646232333065666133383666306634386433636633323038326265623638
64616430663838636131623130343636313561663064386261386366396632356234316135306438
32623661643736323466333932623633656139663865316332313035336263356136346330386335
36633766363462636336356261616432363461393666643030623665636639396665366461663136
32656330626435316636373230653336333630633039323232386165333738373866653631663839
63623833313439353833373634663136396561613366373735303535636262373436373961626361
36363930636265343361633632396631383230396130653131643763353165333162303066303962
63316533306130313165376331623835646262623261346266393639353363373138616364383835
35363432613365356137643463613462323035663964623734613130633461356461303035396332
39393965393865363336383764653039303164363835353662356139623061373838613963396632
62336461343534306139363032613036353737663630306337383030313432386131346638636436
33633062303032616130653661653330383732663335383139653331626366376537313266316334
31393461353966396266336564633935316363386234663838393465343731393233313435373865
63633039346666373537396134343535613339366432666536363639343063653136396638396362
37333239653131663930336666366634636133383736383364383766663563353261346464366438
30643837383863646436303137353331643537366436326263353331333331376336326636373763
61616531626332303430663133623463663136663864643533623231306163393931356137663565
65633635663339393634323062663634633464383931613235353561313639653562633066313466
64366332323562393631646436363461316337373561613334633932623639653131666664323038
66316166623964333837363431333734383763343630613833346135656466663862323265363932
32636134343234623433303934316337646263383935396663666435353664326430613962373763
61666136633166663939373432623334343366646539623038373962373139313932393662613931
38663331643635333236323739636635376533373737303631626666393432316537363332633732
30383639666432653533346632336165353934353134383066363762383562663565393261356230
38643737656335393131623763353064666563363166393263303065313364303339356263373166
66386137353832663265346437393735333264393635616263373032326364653136333761613965
64666431613562646665326262626261616465366539343633383430326265373031343136366134
64323134633266353233663064363366313231396239343737366630343163303663386366396132
62376433336339646438326335646362666631386631353830366537303365336333363462623932
37303336323064303164643262616461386638663337383730663762663330643463666630373961
39666262633638663336323134316331363062366430663566623739356530316334623839306365
31386132666466336233353638353662363637313564646136383337383661343766313130393365
66666163653863666563323030313761386531653561643331366237656338356431373335396466
63333330333139346561323364326161653337613661353230623562366566336634643238373565
66353134396435366661373630613665383833366133363761363838656362356465643431373238
62303036343338646137613061316161636230626631396136373464393463653537343930636230
64626432393865613734643335646464343763633135363137336538313935336332343739326433
66396432663962383438386334613333353164383637356664623033323638653434373861356434
66656562353361663666363366393537663563633064373435623438333062346338356263386337
65393934396638343164616130386633373132656661326461356166613539313564623336373835
35336463336466343537623265636535663931633965373733663363306165666534396639336662
31393761663636303131383633313564333034393439646230656134633063373465633963393836
36386439373531656439633465346139666164396362356437303538346536313864336435343066
32373461386331303230303735346632666164643338326338333736636237373961373563653866
38333237643363353262303938613738616665333533336561363838636237343038346439313861
36336265663333646265623538653664303533353865393333653931346363653965343866383865
65386266323163343434323031663338613432393065623934303564373035663664373163663739
32373930366638393932663639353761306261303839343363353063623230623038656536366134
36373633626534653136356130626339316436386530313565623736393062386332643534643732
31323638653661613730353437333561623932363439316532633865623434323136353533626430
32333465656662653437636666353331313338633762623863343266383337356131663664393137
62353434356536326661666365396430393539353866303631623437306233346163323533643732
32326236353931303964646434656133306437633931343661313933383262623631383036373161
36666337643735353836616631333533663065363463653363393238633136326663333432656138
65633634306363383239643137393164646566306134376534663330663766336461653437383666
36303037303331353034666131343531343532356266646233653364623436626565396535373038
62363263383931383439303465623638393966396436383564656434613530396437633031306366
38363535373935326339366364373662636133323764363731633131386434613438653162363737
38613263636333663562613034663165313835303135636634666537623836313731366437383930
35366631333632373131646538383636343039646362353537373230663737633534323334363966
35323438616563363530633863616233643937373237653362336461643039616230396661656666
37663233316431316363623132656135663438623365323934396337356635636465343038366262
62356237626537666138653865353336396435326263623163383534376565366533396437643635
30623938666532373437353536386163396665626332346233643363623538633561336162363636
38613330643666326435656434303733316637666633333264313435393931643938373265323435
65333936663437666136333438643463343632386537396536343636333135346565613736326630
61353636366465336133653631333866323731373739313633313533653161353333393565353262
63303030363964373235363736363662363932316538376639616538356335313934366530396665
62323965346166623963356239643166383265346238306439623139643666623434623835303061
36343166323566303133353365383030326664633762363834383039336236353361373763653439
38353162393463353761656331336662303538353334643334316638303763393361643038646336
61323637636166336333373562623361643039643365613236326139353638343734623932626564
36333231303063346165663966663239653534623137333734643134343335623130326435626565
37366264316436663766316239323035653534343135353861663535646462373665623361303438
31383439303435393561643361656130653732316166303134393533643836623535643763616565
64636433636566626239356166363464353037313565356334613166353432653265393863353237
34343064613538353638633161376439383236393164613930653962633163383935376531316137
36303464623466666135326538363430306431633561366636626561363462393033353733643562
32353737383330386632643739306135346564343338363439313235306666336662323165383430
37646466623263376236373732383538653336393461623864363535353930356233353330633962
35613565613332626363626664393734383936346438623532363030333261613762653736336336
32653834383731663766353062646531343663393735393138663638636234353862313038616534
35363665383365353362313231373739633834633437643932356431323633666531396634356537
34343664303362396265663138353732663430623166643962313761656430643435373835613335
31346230666265303265653461303531356533363231646461643763353430623136623739633664
35373735373466343538393362646362343134643464343833633636356233386533343832346565
36383834343030366139643332346662396233383566386532633462376632316236633037353666
63656263613437656334376635316335316563656139376632363236383761343230626137353665
35656334346233343435656339646364363663386165333332666438623238313239653938343331
39323037326565343437623266343665336163316232663735636262663535663931646434663530
30353264323066626433353537343133633836306236323030366637646335386364316233333232
37376236356161323464376437336633613531653965393664663165383137396435343438333439
38396630353131623330373834306334353337663834383637346237363634636337653638343166
35316139386537383439373336333431613966343261653536313463646533316661376232303235
61343966346466626233663933383462633036333734373936383734333135333730663465636137
33343138313863656666366430343333653139393331643734623764343637646539653762643932
33356335643632346466653530633966396633386133663736336133323031306264323937323738
61626662656533343539393838356166636265383164323239656431373966326563616134343062
64646566373264333434646333636164643463643466653632646438323332643139656162663330
61646362376533663864656536313963316266306233313830316162616266633237343235666261
63353766623434306130303165346134333033393837393433333461356266656539306532343261
64306332363331616233383435336566366562333533623866633832366433626639643862373536
61653431383131623133623764666565323730303161336236616535363336393836313734313234
38303431626439393935396165643066343062363061323037323230623831663061373230656564
30343162343534626161323361363461316364366261393234346630393231643738363735656566
39386364343230383166373332653132363732666538316565386632343566653763663439366338
35326539386637636138613262383338386136616135383963306637383331333431643731396666
34643436303662316635653633313832363137346139376539303832313635386666646362633366
38633231616164616330343131613366613732336264333166663836656332663338643235393864
37616535663334313661323733333539383433336439363039626238363331626135393866353533
32626639373964363330656363353032363136393466316336393061396330623933393337353630
62663638663531386365663332376633393562633134363331656330353966326161396439363033
31633137656136636262366438346534633838303363303465346561323262313438333230303261
62613962336536336361353066396362386330353166636338326131303661313531636330353638
61353032363031363264316466306431613761326363326338363164383761643435313661613063
62383864323363313565323937626133376538393539306139393134303366613465633563666336
38326261336138313264396638613732363964323865353235316362623562373530353037643662
34633563396638383335366166303562323034343664323333376363353461333034383236313563
30386130623132336364366335326234656364613961393861316132613365353438373239363231
63383639323033643539336537373431383436636364643938333735656633306430653561656239
62323738653565303166323733306637386130663437333839663137303336646664646137646233
37626531343738656239343639393462623134643365343439663139363437323233656238663862
32323137323564376330363838376566343831636662393639316132343339663033363637306331
30626564353739313761646132663465656131333466316537316161303532396234323832616139
64326136663737623331386531343238656266356364316434323933393438643963306231346431
64323837613463666365373430366462303362323065653632666539323234393130356164356131
61376238373734346564333234313839633261666435353431316433623064363435626430316537
61353632343637393065613638643136663735363038613764393166383161386165376334653263
6139393764656136643266383463623036323231626334306662
