$ANSIBLE_VAULT;1.1;AES256
30646536356266376638316630326433363864373733636230313561366164656238356539626437
3965356637653337643134383664656162353735373166390a373432656533353131333066306339
39393833303335303934643635303762393935663534376230393064363865396238326166373861
6332326561656534350a363565323663386264666435393361363863313732373661363066613031
34376561323066313161363961623335666230323237666564346333383736663634353961333834
64386432313266343964303730316166363234653662376139313639626266616438656361616335
30356562363165363935346664386431353663636237613339636339376461326339306662643432
32366337393636356133646232643537383636623862636332326130383630383135326636626462
33613665323161626366633836356365396363633562323831316437373865666539383333373836
34333239316530303566653634623365323438396665383166613937333132343931356432386261
63373131363431646433313239383732633437376635663261626265396637613362343433316133
39366261363337613261653930376436356231646439623137306561323636616534396334653232
30376132616338303434393136363864363062633433346566613562623162333732366238363035
35306430613363663266386236616130326634623135643030346438643935383737343863363264
35653965623834613131373036376637653730386264326263373839646135346265636261343762
65646430333562343764646664366236386137353332326265386664373439376235393839643365
66666635663930663730373263316132643335336633343463333166663939303534346630363266
30656334643137613063623238643136646566343037333765333262326333613738396230623965
38316432663236646632656634616261623663633237333734383331643131363439303762306663
32313861633335353330633334393933303637616531656539353637623130623137306362323630
35353430303466636162333737386330383532376336353435626439396438393564666564303863
34623330393862323638373464333133643334303763313235333133316235666136633637303435
39376434623433623437336230383166613230343131323464643637396464316461363934383162
62303366616439363532393932326331653965636561326462343862636262393062306563343231
34323938323237646164643038623561396135636265303832643934333935666139323932333738
34383636343165376636356339623764303662326135366465363431346564363065613232343237
63656564616139613730373065623535333235316363643632613138366366373237623331313336
31323964373932636332333432636233333261643832326234323466313832396531633431376264
39653834663231356435356537393937396330313039316335363366396332616433356366316663
32303361633836623666386264303665613736323865623165346562343465336164633634326434
33366364373237316332623830643863633864646230383565383563623963633336326664383361
33656266653663333461333236346366316436336363396535303564613166383036623661313061
35623233373734663236633136326463323134323465646566376531633462346438313634363738
37343935653039343939633636366639323339626435343430666464303035333164303564653261
66353733386265646365326239633837303564643737366164343561333262383336303735313761
39646461666532373065613235336464303730376266666561383837313132323839396432356532
64666263333962653731313036386163663635383937613363383833333233346237333531643866
61366135643937356562323563653032313963343765373264326236386432656461333836373334
37353865613737366637383834333264363338303637666631346463356439643234366132663931
38353438386433326230646235626262303835613934626638363663656239373566376632323235
34326538323764316135396136353866346261643435326336303766353866343434643431653730
66633165663662313839616634336564396639613236313330393163323937333632363838613663
31353735643337663639636639633938393666396263333532353132373636663930363966303535
33313838656139666239306462333761336634393335633336393636373165316666646237653232
38626236356665306337396538376434663064376634626362303131323339326263656466633138
38366436666362356633653165303366383934396434326164653138323938376663616166616333
32336439306564646364353265353934303839333938346663643862636330363334376132643839
34383934323039373366613339343566656530353236626561356538356261333965626361633830
34643734316362616661333538373264303264353232656132613036393761646161323333626461
31353663666664376334666636626261323136333735353234323365363035353466343764323062
39356237346136376565336630376137623433633561313833353534343062396165303034383564
30336231326634303463323135386366633861373165343562653533366262373039653634343831
63643138633437626237303638643834636362303832653433323632313530613863353237626163
31353463633735646239393531623335346136383066343539316137303130636565616237323531
37353434386166323565336563336639346264373438303033303865323961336266653630656435
65356638313134633063383338396231356537626661393237383632353039653932663030396261
31386235663862376439356361373631613633343531306366396334396330633233
